4294967279,323
4294967279,71
4294967294,1005
4294967294,401
4294967294,185
4294967294,170
4294967278,413
4294967279,341
4294967279,539
4294967279,67
4294967279,66
4294967279,65
4294967279,60
4294967279,58
4294967279,57
4294967279,56
4294967279,55
4294967279,54
4294967279,53
4294967279,52
4294967279,51
4294967279,50
4294967279,49
4294967279,48
4294967279,47
4294967279,45
4294967279,44
4294967278,213
4294967278,132
4294967278,323
4294967278,131
4294967278,130
4294967278,129
4294967278,128
4294967278,321
4294967278,127
4294967278,255
4294967278,125
4294967278,124
4294967278,123
4294967278,122
4294967278,121
4294967278,120
4294967278,119
4294967278,117
4294967278,116
4294967278,114
4294967278,113
4294967278,112
4294967278,111
4294967278,110
4294967278,109
4294967278,108
4294967278,107
4294967278,106
4294967278,104
4294967278,103
4294967278,319
4294967278,101
4294967278,99
4294967278,95
4294967278,92
4294967278,90
4294967278,87
4294967278,86
4294967278,85
4294967278,84
4294967278,81
4294967278,78
4294967278,77
4294967278,76
4294967278,74
4294967278,70
4294967278,68
4294967278,66
4294967278,65
4294967278,64
4294967278,63
4294967278,60
4294967278,58
4294967278,57
4294967278,56
4294967278,55
4294967278,54
4294967278,53
4294967278,52
4294967278,49
4294967278,46
4294967278,45
4294967278,42
4294967278,40
4294967278,39
4294967278,36
4294967278,329
4294967278,31
4294967278,29
4294967278,291
4294967278,28
4294967278,27
4294967278,26
4294967278,88
4294967278,24
4294967278,23
4294967278,22
4294967278,21
4294967278,17
4294967278,15
4294967278,13
4294967278,12
4294967278,11
4294967278,6
4294967278,4
4294967279,132
4294967279,131
4294967279,130
4294967279,125
4294967279,123
4294967279,121
4294967279,120
4294967279,118
4294967279,117
4294967279,116
4294967279,115
4294967279,111
4294967279,109
4294967279,106
4294967279,137
4294967279,18
4294967279,16
4294967279,15
4294967279,13
4294967279,12
4294967279,282
4294967279,11
4294967279,10
4294967279,7
4294967278,100
4294967278,98
4294967278,89
4294967278,97
4294967279,209
4294967279,554
4294967278,412
160,5
160,4
160,3
160,2
160,1
4294967278,313
4294967278,197
4294967278,83
4294967278,75
4294967294,389
4294967278,82
4294967278,80
4294967278,188
158,6
158,5
158,4
158,3
158,2
158,1
4294967278,73
4294967278,72
4294967278,71
4294967278,69
4294967278,360
4294967278,67
157,6
157,5
157,4
157,3
157,2
157,1
4294967279,280
4294967278,411
4294967278,62
4294967278,61
4294967278,59
4294967278,171
4294967278,167
4294967278,50
4294967279,161
4294967279,160
4294967278,47
4294967294,68
4294967294,11
4294967278,35
4294967278,44
4294967278,43
4294967278,41
4294967278,38
154,6
154,5
154,4
154,3
154,2
154,1
4294967278,34
4294967278,33
4294967279,144
4294967278,32
4294967278,30
4294967279,141
4294967278,410
4294967278,25
4294967279,22
4294967278,136
4294967278,135
4294967279,133
4294967278,20
4294967278,10
4294967279,20
4294967278,19
4294967278,284
4294967279,19
4294967279,284
4294967278,18
4294967278,274
4294967279,17
4294967279,518
4294967278,16
4294967278,409
4294967278,14
4294967279,14
4294967279,564
151,7
151,6
151,5
151,4
151,3
151,2
151,1
4294967278,371
4294967278,9
4294967279,129
4294967279,9
4294967279,562
4294967278,8
4294967278,370
4294967279,260
4294967279,8
4294967279,257
4294967278,7
4294967279,6
4294967279,325
4294967278,5
4294967279,254
4294967278,258
4294967279,561
4294967279,328
4294967279,318
4294967279,128
4294967279,252
4294967279,127
4294967279,317
4294967278,408
4294967279,126
4294967278,352
4294967279,124
4294967278,366
4294967279,250
4294967279,122
4294967278,248
4294967279,340
4294967279,119
4294967279,243
4294967279,241
4294967278,239
4294967279,239
4294967278,238
4294967279,114
4294967279,113
4294967278,174
4294967278,234
4294967279,112
4294967279,231
4294967279,110
4294967279,108
4294967278,225
4294967278,218
4294967278,407
4294967294,395
4294967294,385
4294967294,420
4294967294,444
4294967294,384
4294967294,400
4294967294,191
4294967294,461
4294967294,448
4294967294,459
4294967294,408
4294967279,216
4294967279,545
4294967278,384
4294967278,212
4294967278,209
4294967278,208
4294967278,316
4294967279,204
4294967279,339
4294967278,203
4294967278,202
4294967279,201
144,4
4294967278,200
144,3
144,2
144,1
4294967279,200
4294967279,199
4294967279,305
143,5
143,4
143,3
143,2
143,1
4294967279,185
4294967294,1419
4294967294,1418
141,6
4294967279,181
141,5
4294967294,1413
141,4
141,3
141,2
141,1
4294967279,172
4294967278,173
140,5
140,4
4294967278,169
140,3
140,2
140,1
4294967279,166
139,5
139,4
139,3
139,2
139,1
4294967279,338
138,5
138,4
138,3
138,2
138,1
4294967278,295
4294967279,290
4294967278,327
4294967279,519
4294967279,337
4294967278,357
4294967279,537
4294967278,137
4294967278,353
4294967279,336
4294967278,290
4294967278,355
4294967279,268
4294967279,267
4294967278,275
4294967279,266
4294967279,278
4294967278,268
4294967278,281
4294967278,263
4294967278,354
4294967278,126
4294967278,367
4294967294,413
4294967294,415
4294967294,405
4294967294,397
4294967294,169
4294967294,111
4294967294,458
4294967279,281
136,6
136,5
136,4
136,3
136,2
136,1
4294967278,391
4294967279,546
4294967278,252
4294967278,247
4294967278,118
4294967278,243
4294967278,115
4294967278,105
4294967278,102
4294967278,96
4294967278,94
4294967278,93
4294967278,314
4294967278,91
4294967278,79
4294967278,299
4294967278,51
4294967278,392
4294967278,37
4294967278,260
4294967279,107
4294967279,174
4294967279,326
4294967279,21
4294967279,5
4294967279,4
4294967294,1013
4294967294,197
4294967294,196
4294967294,195
4294967294,193
4294967294,192
4294967294,1012
4294967294,1010
4294967294,1009
4294967294,1006
4294967294,1002
4294967294,999
4294967294,997
4294967294,996
4294967294,421
4294967278,390
4294967279,234
4294967279,232
4294967294,390
4294967279,335
135,5
135,4
135,3
135,2
135,1
4294967279,286
4294967294,89
4294967294,198
4294967294,995
4294967294,162
4294967294,194
4294967279,310
4294967279,320
4294967279,207
4294967279,203
133,6
133,5
133,4
133,3
133,2
133,1
4294967279,307
4294967279,306
4294967278,348
4294967278,347
4294967279,575
4294967278,198
4294967279,195
4294967279,552
4294967278,345
